%YAML:1.0
---
mtxL: !!opencv-matrix
   rows: 3
   cols: 3
   dt: d
   data: [ 3.3827586295711199e+03, 0., 772., 0., 3.3827586295711199e+03,
       1047., 0., 0., 1. ]
mtxR: !!opencv-matrix
   rows: 3
   cols: 3
   dt: d
   data: [ 3.3158889347544296e+03, 0., 772., 0., 3.3158889347544296e+03,
       1032., 0., 0., 1. ]
distL: !!opencv-matrix
   rows: 1
   cols: 5
   dt: d
   data: [ -2.7479505289435036e-01, 5.2530210723800497e-01, 0., 0.,
       -6.8654460507775728e-01 ]
distR: !!opencv-matrix
   rows: 1
   cols: 5
   dt: d
   data: [ -2.4373467786368316e-01, -6.0633837694713655e-01, 0., 0.,
       4.7543400351927758e+00 ]
leftRectification: !!opencv-matrix
   rows: 3
   cols: 3
   dt: d
   data: [ 9.9560891619460767e-01, 3.5845364914600795e-02,
       -8.6475405798051963e-02, -3.6618015423141435e-02,
       9.9930219715350166e-01, -7.3647614119206539e-03,
       8.6151070453414719e-02, 1.0498979870589674e-02,
       9.9622676358417894e-01 ]
rightRectification: !!opencv-matrix
   rows: 3
   cols: 3
   dt: d
   data: [ 9.9275398848734608e-01, 3.7367989477324753e-02,
       -1.1420661848110582e-01, -3.6343434820476778e-02,
       9.9927836724694752e-01, 1.1040810555586013e-02,
       1.1453677613725675e-01, -6.8101479203560777e-03,
       9.9339566578347149e-01 ]
leftProjection: !!opencv-matrix
   rows: 3
   cols: 4
   dt: d
   data: [ 3.3493237821627745e+03, 0., 1.1403696212768555e+03, 0., 0.,
       3.3493237821627745e+03, 1.0532235832214355e+03, 0., 0., 0., 1.,
       0. ]
rightProjection: !!opencv-matrix
   rows: 3
   cols: 4
   dt: d
   data: [ 3.3493237821627745e+03, 0., 1.1403696212768555e+03,
       3.3493237821627745e+03, 0., 3.3493237821627745e+03,
       1.0532235832214355e+03, 0., 0., 0., 1., 0. ]
Q: !!opencv-matrix
   rows: 4
   cols: 4
   dt: d
   data: [ 1., 0., 0., -1.1403696212768555e+03, 0., 1., 0.,
       -1.0532235832214355e+03, 0., 0., 0., 3.3493237821627745e+03, 0.,
       0., -1., 0. ]
leftROI: [ 70, 0, 1994, 1477 ]
rightROI: [ 0, 21, 2005, 1523 ]
R: !!opencv-matrix
   rows: 3
   cols: 3
   dt: d
   data: [ 9.9959301285305469e-01, 2.5611306745564292e-05,
       -2.8527320228403680e-02, 4.7007402665392523e-04,
       9.9984903757084664e-01, 1.7368969430025936e-02,
       2.8523458516848402e-02, -1.7375310435001592e-02,
       9.9944209982445975e-01 ]
R_inv: !!opencv-matrix
   rows: 3
   cols: 3
   dt: d
   data: [ 9.9959301285305469e-01, 4.7007402665417920e-04,
       2.8523458516848683e-02, 2.5611306745814814e-05,
       9.9984903757084664e-01, -1.7375310435001640e-02,
       -2.8527320228403378e-02, 1.7368969430025877e-02,
       9.9944209982445942e-01 ]
r: !!opencv-matrix
   rows: 3
   cols: 1
   dt: d
   data: [ -1.7375371436705384e-02, -2.8530695564936447e-02,
       2.2227269864785845e-04 ]
r_inv: !!opencv-matrix
   rows: 3
   cols: 1
   dt: d
   data: [ 1.7375371436705384e-02, 2.8530695564936440e-02,
       -2.2227269864786019e-04 ]
t: !!opencv-matrix
   rows: 3
   cols: 1
   dt: d
   data: [ 9.9275398848734620e-01, 3.7367989477324684e-02,
       -1.1420661848110565e-01 ]
E: !!opencv-matrix
   rows: 3
   cols: 3
   dt: d
   data: [ -7.9164129981420183e-04, -8.0284972634917934e-02,
       -2.7811070534879294e-02, 1.0074639280382908e-01,
       -1.2195105614654374e-02, 6.9928768072751968e-01,
       2.6082420860933559e-02, -7.0187642750719614e-01,
       -1.2946504521537585e-02 ]
F: !!opencv-matrix
   rows: 3
   cols: 3
   dt: d
   data: [ -7.2875969497935243e-09, -1.5304911051760781e-06,
       7.4780837048915583e-04, 1.4878451964112256e-06,
       1.0542740523197445e-07, -1.7144651161988655e-02,
       -7.3350270397543049e-04, 1.7123690462141100e-02, 1. ]
