%YAML:1.0
---
E: !!opencv-matrix
   rows: 3
   cols: 3
   dt: d
   data: [ -7.9164129981420183e-04, -8.0284972634917934e-02,
       -2.7811070534879294e-02, 1.0074639280382908e-01,
       -1.2195105614654374e-02, 6.9928768072751968e-01,
       2.6082420860933559e-02, -7.0187642750719614e-01,
       -1.2946504521537585e-02 ]
F: !!opencv-matrix
   rows: 3
   cols: 3
   dt: d
   data: [ -7.2875969497935243e-09, -1.5304911051760781e-06,
       7.4780837048915583e-04, 1.4878451964112256e-06,
       1.0542740523197445e-07, -1.7144651161988655e-02,
       -7.3350270397543049e-04, 1.7123690462141100e-02, 1. ]
K: !!opencv-matrix
   rows: 3
   cols: 3
   dt: d
   data: [ 3.3827586295711199e+03, 0., 772., 0., 3.3827586295711199e+03,
       1047., 0., 0., 1. ]
R: !!opencv-matrix
   rows: 3
   cols: 3
   dt: d
   data: [ 9.9959301285305469e-01, 2.5611306745564292e-05,
       -2.8527320228403680e-02, 4.7007402665392523e-04,
       9.9984903757084664e-01, 1.7368969430025936e-02,
       2.8523458516848402e-02, -1.7375310435001592e-02,
       9.9944209982445975e-01 ]
r: !!opencv-matrix
   rows: 3
   cols: 1
   dt: d
   data: [ -1.7375371436705384e-02, -2.8530695564936447e-02,
       2.2227269864785845e-04 ]
t: !!opencv-matrix
   rows: 3
   cols: 1
   dt: d
   data: [ 9.9275398848734620e-01, 3.7367989477324684e-02,
       -1.1420661848110565e-01 ]
