%YAML:1.0
---
E: !!opencv-matrix
   rows: 3
   cols: 3
   dt: d
   data: [ 6.1237103638227524e-04, 7.2605137011462900e-02,
       2.9271225357005333e-02, -8.5645706563278814e-02,
       1.2332083053263358e-02, -7.0123339447534350e-01,
       -2.6926383512839092e-02, 7.0268683011112398e-01,
       1.2726439175647556e-02 ]
F: !!opencv-matrix
   rows: 3
   cols: 3
   dt: d
   data: [ -5.2593315390015187e-10, -1.7638910218840996e-07,
       1.4401185870210886e-04, 1.0323019537645498e-07,
       3.9019193955697559e-08, -1.7356579721044263e-02,
       -3.8644738776696941e-05, 1.7411379640730473e-02, 1. ]
K: !!opencv-matrix
   rows: 3
   cols: 3
   dt: d
   data: [ 3.3827586295711199e+03, 0., 772., 0., 3.3827586295711199e+03,
       1047., 0., 0., 1. ]
R: !!opencv-matrix
   rows: 3
   cols: 3
   dt: d
   data: [ 9.9983927270168094e-01, -1.2217496985312889e-03,
       -1.7886757421285569e-02, 1.5329742686210942e-03,
       9.9984749666763451e-01, 1.7396361612598985e-02,
       1.7862775631617801e-02, -1.7420985481272019e-02,
       9.9968866679161461e-01 ]
r: !!opencv-matrix
   rows: 3
   cols: 1
   dt: d
   data: [ -1.7410485911319967e-02, -1.7876627414367460e-02,
       1.3775053765691624e-03 ]
t: !!opencv-matrix
   rows: 3
   cols: 1
   dt: d
   data: [ 9.9385241806553948e-01, 3.9609573272917357e-02,
       -1.0338497381349758e-01 ]
points3D: !!opencv-matrix
   rows: 4
   cols: 712
   dt: d
   data: [ 3.1095952937583489e+00, -2.3715375182047036e+00,
       -2.2393533638380605e+00, 3.1587039293579102e+00,
       3.7634520061764070e+00, 5.0226782134250465e+00,
       -2.2408569514816872e+00, 2.0598749535341550e+00,
       -2.2592616858841112e+00, 8.1574693734736492e+00,
       8.1574693734736492e+00, 3.7071870673014327e+00,
       4.1102883524773253e+00, 2.0598749535341550e+00,
       3.8791923700435245e+00, -2.2912836259205562e+00,
       3.1334522989540963e+00, -3.5525874450705985e+00,
       3.8062692497562134e+00, 5.2888279130094817e+00,
       3.0423351123554889e+00, -2.1869561753274085e+00,
       3.5511624134833726e+00, 5.2792545433999205e+00,
       1.8826742232897058e+00, 3.7634520061764070e+00,
       1.8826742232897058e+00, 2.9904166537419004e+00,
       2.9894541825797627e+00, 2.8434288175997677e+00,
       3.0136077025092822e+00, 4.8979887210701660e+00,
       -6.3282172260214269e+00, 3.9834028616434503e+00,
       3.3306034041547035e+00, -1.4854128688423476e+00,
       1.3367826143222841e+00, 5.4580351939043465e+00,
       8.2515311617629850e-01, 3.1587039293579102e+00,
       -1.4864738096372252e+01, 7.5894123337881734e+00,
       5.4580351939043465e+00, 4.0441674810637418e-01,
       2.4156751176401356e+00, 1.2772573317073442e+02,
       3.8113112058061263e+00, 4.8407866286989198e-01,
       7.3898656425622455e+00, 4.4168736487568276e+00,
       1.2916361510860003e+01, -1.4850740799619260e+01,
       5.9075581103214976e+00, -2.5553298883539993e-01,
       2.8582359782732474e+00, 2.4577044325069988e+00,
       2.8539794102974176e+00, 6.0718447564466604e+00,
       -4.7620243959821913e+00, -4.5289169004094271e-01,
       3.9719287796287164e+00, -3.7697464122573274e+00,
       5.2640787697323752e+00, 3.9638484475324995e+00,
       2.7598142275483104e+00, -1.8135129062525996e+00,
       6.8132688828073631e+00, 2.8604430105393743e+00,
       1.0834449638339541e+01, -5.0584759235831731e+00,
       -2.3764894930893057e+00, -3.3126087574012750e+00,
       6.0360343565501866e+00, -3.7697464122573274e+00,
       3.0055723025397203e+00, 1.3343738819706066e+00,
       6.0767338594799636e+00, -3.7752929018886094e+00,
       3.8408185640673378e+00, -8.3740274625056110e-01,
       2.2819308673156367e+00, 6.7415728662494994e+00,
       -3.9702252820695940e+00, -3.4745224094263594e+00,
       -5.3324352700205402e-01, -3.4830816615932525e+00,
       -3.7878997777150434e+00, 5.1926897514719228e-01,
       3.8092410377978529e+00, 5.1997285415924779e+00,
       5.3332001985191713e-01, -1.3945586198314845e+00,
       1.4758389538360859e+00, -5.9946743728436502e-01,
       7.5096087416253434e+00, 3.4225216288327576e+00,
       5.7224925027404101e+00, 3.8408185640673378e+00,
       -2.2737416626827884e+00, 7.2494897498910482e-01,
       -3.7752929018886094e+00, -4.7620243959821913e+00,
       -2.3119780813726951e+00, 7.3924162465627434e+00,
       6.0787812839501676e+00, -2.8483408971668185e+00,
       -1.8000316142520667e+00, -3.0803765100100784e+00,
       3.4225216288327576e+00, 1.4990134928382508e+00,
       -3.1526421032185548e+00, -6.2055402244418101e-01,
       5.2481979641441967e+00, 7.5748622931636467e+00,
       -3.5651272572107349e+00, 2.2167835791049972e+00,
       1.2149188332071459e+00, -5.1010910319616076e-01,
       -4.6508304642785619e-01, -1.0966998729421855e+00,
       2.7070443618559006e+00, 5.2687363594471286e+00,
       -2.3764894930893057e+00, -1.0200332154149075e+01,
       -2.9742711166902103e+00, 6.8814255913236861e+00,
       1.0940096326163156e+00, 5.2253366651278101e+00,
       6.0360343565501866e+00, 3.9472570687639115e+00,
       5.2083630846977425e+00, 5.3659399087138029e+00,
       2.4728986030989213e+00, 2.4156751176401356e+00,
       7.3948858476140789e-01, -5.5860091441712589e-01,
       1.6167248228589425e+01, 3.3321477690267276e+00,
       -3.7878997777150434e+00, 6.9804012617131033e+00,
       -1.5492558779568861e+02, -3.7790548679131386e+00,
       -8.4811832341911420e-01, 1.6435690233848947e+00,
       5.6369974722104690e+00, 3.7494009079716801e+00,
       4.1348233807885304e+00, -4.2990544792411417e-01,
       -2.8965690191788318e+00, 7.4367346644475747e+00,
       7.3748395140817824e-01, 6.0694901110430743e-01,
       -6.9412865683120839e-01, 7.1983172310350607e-01,
       -3.1986131393310169e+00, 2.5467453423738178e+00,
       3.5841240278899629e+00, 4.4110331191812051e+00,
       5.2081268112253190e+00, 6.2528850787798618e+00,
       -3.0423203522469020e+00, -2.3347532220925737e+00,
       -3.9282546337848010e+00, -3.7466253212767646e+00,
       -6.9067621010930436e-01, -4.8461917989645773e+00,
       -1.7425961760390503e+01, 5.5153048579535362e+00,
       4.2639935880228945e+00, 6.6171841761529766e+00,
       -1.6359000290190178e+00, 7.7307339837838285e-01,
       -6.3542929677327509e+00, -6.6556342978144367e-01,
       -2.0239226861298087e+00, -1.3247267651351619e-01,
       1.1482091316102188e+00, -2.0920486798026778e+00,
       1.3163899184325070e+00, -5.6802868243896354e-01,
       6.8006024747707885e+00, 6.8814255913236861e+00,
       -3.7790548679131386e+00, -3.6032684469417298e+00,
       -3.2321263093110577e+00, -3.2439599500164977e+00,
       1.3188183296690696e+00, 5.7980549633552743e+00,
       -8.6568857129970826e+00, -1.6522155457118617e+00,
       -2.6784677700394116e-01, 6.8047222178180578e+00,
       4.3137074369013151e+00, -4.8461917989645773e+00,
       -6.4896571428990624e-01, -4.0838964063611103e+00,
       -5.2970992695025543e-01, -3.8006111399812705e+00,
       -4.9509111358891946e+00, 1.1660835360646655e+00,
       -6.4499048722865249e+00, -1.9520182768181196e+00,
       -5.6895450538827941e-01, -2.1273610696521041e+00,
       5.1363247267827328e+00, 1.0090798725118484e+00,
       -2.9074080416527320e-01, 1.1766857945381104e+00,
       1.0354276148902237e+00, 1.1512739373453413e+00,
       -2.1414891075062936e+00, 1.5180503383186528e+00,
       -4.7077562272923340e-01, 7.4475498866988881e+00,
       3.5124299887350179e+00, -8.5778877006587511e+00,
       7.0229927707430717e-01, -2.5683149901104660e+00,
       -3.0542331478959501e+00, -4.2696779478553273e+00,
       -4.1112260391143751e-01, 5.6844872946139509e+00,
       6.0951267492989969e-01, -6.1206278383703405e-01,
       -3.5308143220962762e+00, 4.2009354774563995e+01,
       -8.8326020041505373e+00, 1.9877793765586707e+00,
       -9.8753919555933365e+00, 5.5153048579535362e+00,
       -5.9395622676607773e-01, -5.1087488615860757e+00,
       -3.2178874475063894e+00, -3.0981399916580989e+00,
